epoch mean_dlosst mean_dlossf mean_gloss
0 0.646348 1.109006 0.632225
1 0.716736 0.715266 0.695329
2 0.711179 0.708527 0.688110
3 0.709236 0.705742 0.686897
4 0.709051 0.705038 0.685186
5 0.706681 0.705106 0.684349
6 0.703843 0.705020 0.682897
7 0.705977 0.704162 0.686767
8 0.704963 0.703503 0.688611
9 0.708654 0.700832 0.689787
10 0.705403 0.702976 0.688423
11 0.705003 0.701201 0.689850
12 0.704376 0.699712 0.691656
13 0.706519 0.700795 0.692868
14 0.705815 0.697453 0.694651
15 0.702496 0.699129 0.695223
16 0.702626 0.696766 0.695781
17 0.699439 0.696109 0.697735
18 0.695819 0.698043 0.698002
19 0.691276 0.691284 0.707017
20 0.678566 0.685158 0.714525
21 0.675767 0.691204 0.715968
22 0.678829 0.695657 0.721148
23 0.670306 0.685433 0.731626
24 0.675307 0.677856 0.733992
25 0.667819 0.672677 0.756240
26 0.669591 0.668440 0.761227
27 0.677541 0.683017 0.749861
28 0.681003 0.699793 0.674893
29 0.699138 0.699338 0.712858
30 0.689511 0.681456 0.735241
31 0.664927 0.661966 0.772132
32 0.656532 0.661055 0.778526
33 0.679410 0.677226 0.763187
34 0.675369 0.698108 0.688196
35 0.673724 0.681093 0.716513
36 0.666778 0.674736 0.745611
37 0.629287 0.637552 0.772441
38 0.590725 0.601476 0.801757
39 0.514921 0.530724 1.123912
40 0.630509 0.665868 0.807122
41 0.598318 0.607077 0.882661
42 0.633184 0.636501 0.793516
43 0.618735 0.628352 0.677506
44 0.649802 0.653206 0.838524
45 0.613557 0.646949 0.570562
46 0.687201 0.678095 0.678888
47 0.576785 0.590065 0.508462
48 0.540724 0.586076 0.853864
49 0.640571 0.619234 0.747208
50 0.553749 0.574069 0.456795
51 0.523367 0.543644 0.949071
52 0.566064 0.580139 0.609805
53 0.594653 0.623188 0.770455
54 0.603326 0.609361 0.893084
55 0.465495 0.493448 1.103707
56 0.371424 0.388780 1.664056
57 0.371424 0.388780 1.111959
58 0.351309 0.380448 1.814145
59 0.351309 0.380448 0.753183
60 0.616159 0.616212 0.977301
61 0.667609 0.671656 0.935050
62 0.666484 0.679020 0.799435
63 0.698711 0.697774 0.694951
64 0.680293 0.665446 0.728694
65 0.652792 0.645795 0.762911
66 0.617937 0.623229 0.821782
67 0.669599 0.683435 0.739332
68 0.667415 0.661353 0.812904
69 0.665490 0.673648 0.735835
70 0.662038 0.671911 0.741676
71 0.649247 0.652249 0.783004
72 0.631925 0.609522 0.786993
73 0.584677 0.599564 0.872127
74 0.538387 0.545064 0.860708
75 0.507829 0.509164 0.772092
76 0.571460 0.588566 0.830192
77 0.557572 0.547684 0.785796
78 0.357027 0.381697 0.822046
79 0.311283 0.354359 1.512621
80 0.311283 0.354359 0.681931
81 0.618643 0.632195 0.986531
